3693
3846697.750
9207377.000
7519961.500
4173819.000
3530124.000
3005798.750
7761076.000
76602.938
2649151.750
7749339.500
3472661.750
9801707.000
3805575.250
7036190.500
1713701.125
2411150.500
2600093.000
41021.832
7985283.500
6802649.500
5016476.500
4471841.500
9913411.000
6612428.000
1181595.125
2507499.250
7441162.000
1305170.750
3801815.500
98087.781
5535468.500
7648512.500
9305463.000
3020458.250
1787360.000
2800616.000
6026256.000
9548435.000
2877218.000
8675407.000
7262803.000
6349879.000
8442142.000
1033406.750
3351097.750
120872.008
3444556.250
5951190.000
161892.844
1394868.250
2718867.750
5178368.500
5866708.500
2597307.000
1755825.000
7048303.000
5104805.500
9196986.000
8353472.500
8906620.000
9295073.000
3853969.750
6520160.500
8565565.000
6874427.000
8307520.000
1331209.375
2865711.750
7820983.500
4208426.500
1506147.000
5048815.000
523333.562
9948288.000
6082220.500
3874430.250
34188.809
9526776.000
9825619.000
196080.656
886672.875
2509515.500
5374448.500
6753380.500
5106822.000
7130272.000
3766712.000
176655.641
6292286.500
2085213.375
9083275.000
5552388.500
5939182.000
5568464.000
4082982.000
2778637.750
3841012.750
5414190.500
5644348.000
1627024.750
9622616.000
7150494.500
6675838.500
110978.086
7063811.500
2723088.000
3985407.250
7097999.000
2214892.500
3776055.250
7294078.500
3101564.250
6285569.500
2633555.250
9854944.000
1357419.875
9763826.000
3586684.750
1534074.625
6021142.000
5671897.000
582377.688
1538559.000
1576107.750
6150840.500
5621540.500
4354744.500
9991852.000
1000759.250
9999092.000
1583905.625
588403.812
7114615.000
8259743.000
699380.875
4143455.000
947859.688
4684787.000
1206482.625
3162751.250
8460841.000
8500560.000
6264314.500
4711439.500
1099144.125
6084287.000
6068858.500
827999.062
9670971.000
7602932.000
6849140.000
5307896.500
8185308.500
8387698.000
6884003.000
4301178.000
3974266.750
1203776.500
4258059.000
4975025.000
1167897.250
5841963.500
5563427.500
8282511.500
4066735.750
6262807.500
2390994.750
5014594.000
912623.562
3597476.250
8177344.500
9373464.000
2063065.250
4406687.500
4049931.750
3162208.500
456003.438
83818.945
3990206.500
92002.945
7686749.500
804375.062
5399898.500
5837087.000
9192072.000
2248930.500
103293.828
3131367.250
3452706.250
4361352.000
8106391.000
4620602.500
168344.234
3634847.750
2868142.250
4235078.500
9897654.000
5259136.500
9249672.000
775306.812
8856612.000
7392045.500
113799.227
884705.438
1763761.500
4163730.000
4046912.750
2219763.750
4247548.000
8037118.500
2311765.750
1899326.625
8841492.000
7711663.500
7736412.500
7998593.000
9960593.000
7839705.500
1094989.250
3378327.750
2166086.000
9201380.000
7998929.000
2334429.500
2801256.250
832100.062
6569507.000
2663939.500
6091235.000
5784208.000
3439245.250
4912875.500
3141281.500
3553043.500
5797580.000
4905042.500
7716772.500
9844492.000
7124805.000
1929349.375
7846638.500
9436570.000
3828674.750
6653160.000
7113262.000
1530116.250
4616781.500
7038883.500
9369821.000
5711770.000
382240.125
1500935.750
4878178.000
8381168.500
3835364.000
7679433.500
9213268.000
369899.844
308401.469
5269531.500
6154107.000
3747645.750
147435.266
9295387.000
7300688.000
5945014.000
4165458.250
4982489.000
5754534.000
1255292.250
6911837.500
3566201.750
656890.875
705541.125
184390.156
7770152.000
2235656.500
4801170.500
4774064.500
1570506.000
477969.250
5156303.500
3071440.500
5356146.500
3502500.250
6906804.000
3000608.500
2680796.250
7276702.500
3309008.750
7950327.000
3395838.000
7056653.500
8097760.500
2656254.000
4322370.500
4007803.500
6821711.500
9304859.000
9762337.000
8077002.500
6181725.000
3293567.250
8733893.000
6887265.500
3477956.500
6469073.000
9122920.000
8279126.000
1208166.125
658455.125
8757095.000
6364468.500
3729895.000
4078269.750
9866968.000
601727.188
7078877.000
2512793.000
7878428.500
352914.750
428148.062
1239295.375
7409567.500
8525908.000
3895548.500
1696966.375
2498740.250
682288.562
966853.812
2226105.750
8759290.000
7148578.000
5519672.000
7458211.500
4000871.250
8997628.000
3892313.250
3088820.500
7241782.000
5100478.500
3747274.500
5963905.500
1429975.625
7477168.500
7203.799
1261972.000
8078894.500
7086080.000
3774763.750
5922352.500
7438993.500
4202911.000
7161646.500
4813589.500
2693847.500
1022223.562
6510555.500
5192586.500
1704511.250
7477408.000
7418691.500
428830.031
4591014.500
2903391.750
7887040.500
8591884.000
1866048.000
1744382.500
1645733.750
9107829.000
6844859.500
5393007.500
5036763.500
8274834.500
2835204.500
5043966.000
9536805.000
879128.125
2095075.000
3276598.000
6801479.000
9534068.000
7479507.500
3928154.500
4312686.000
138383.969
4950377.000
788269.812
5330969.500
6654887.500
8265677.000
2714689.500
7083716.000
2821719.750
5618080.000
4935785.500
1378632.875
7484127.500
6680166.500
3024365.750
6556985.000
3490055.250
8417373.000
1558777.500
1729918.125
1217605.750
6602743.000
1231752.125
2096732.875
8697817.000
4508349.000
8898211.000
8196913.000
1952885.500
2791394.250
2474627.500
2091268.500
7741770.000
3262896.250
7422237.000
4361686.000
1493601.750
101955.172
1410430.750
4315320.500
5720034.500
6346215.500
5693952.500
3169190.750
2991410.750
8718317.000
9726175.000
6481464.500
7100718.500
1249981.000
8211382.000
8318322.500
7852722.500
9443133.000
380084.406
6515568.500
3916510.500
9278295.000
4677510.000
5869395.000
2034717.250
7152136.000
7960662.500
9776486.000
380061.312
5347928.500
4103201.000
1873662.000
5449882.500
5513631.000
6188981.500
1134945.625
1824874.375
1847962.625
4304135.500
4816284.000
531308.562
3995338.750
1262777.500
7632025.500
5245319.000
9474158.000
5915377.500
3063070.250
8882320.000
6295461.000
9578638.000
2763859.500
5538784.000
4221176.000
8633254.000
7573500.000
1338340.875
6558945.500
7315015.000
1718401.125
1871902.125
1383244.625
3592062.250
7321783.500
6896874.500
9781043.000
8456728.000
8721748.000
1594034.000
2725892.250
3503060.500
2125341.500
6721230.000
4765837.000
9757366.000
1931577.625
4205024.000
5637772.500
4994647.000
3052373.000
1898261.750
4538313.000
5816231.500
7437044.500
8759488.000
4414514.000
4975573.500
62857.695
938487.875
2255617.250
1781257.875
2810389.000
3638861.000
5373319.000
97201.242
500764.031
5119390.500
8553929.000
9222511.000
6713423.500
1244849.500
2690600.250
8838764.000
7966078.500
7456436.000
8561159.000
9897655.000
1626488.875
4163960.250
4857331.000
4678861.000
6062221.000
9395643.000
460121.156
3464294.500
8120160.000
4874634.500
8439866.000
8183016.500
5813121.000
660512.562
9964273.000
8623509.000
4299372.500
5302621.000
8720709.000
4800135.500
387040.406
7239666.500
3987675.000
7100463.000
8484515.000
6678274.000
5904256.000
6415622.500
4099739.000
4430444.000
6278306.000
5726227.000
8594403.000
1100665.625
370116.500
4621652.500
461337.375
830236.688
8085946.000
8581496.000
5704870.000
6490841.000
6729542.000
1483019.625
7151352.500
6658844.000
71557.273
1415754.000
1926493.500
8792265.000
6215888.500
2313533.000
5996960.500
168592.406
9413995.000
4446504.500
6846865.500
5283279.500
827155.312
911633.312
9713722.000
7105460.500
6637859.000
8273153.500
8206125.500
7007974.500
2859834.750
8667461.000
7838210.000
910809.312
7213986.500
3508109.000
7401649.500
3908556.750
4991127.500
4518031.000
532428.938
5062684.000
5933784.500
2458921.500
3819978.000
2114701.250
4772453.500
9816938.000
2283292.750
4151477.000
4228471.000
9130157.000
9434755.000
5055625.500
6819.322
9113506.000
2126114.250
6644678.000
7351688.000
297267.938
3617681.250
176551.781
8964729.000
1420920.125
1087360.125
6143743.000
4929028.000
8489009.000
17328.715
9920155.000
2972068.250
549756.688
4947867.500
8905852.000
3008677.250
8767844.000
985581.312
7781130.000
8549811.000
3268873.000
1897635.375
2743310.250
2364059.000
1297419.625
7798934.500
2370877.500
375954.344
9925047.000
9015554.000
7727641.500
187344.219
2598263.750
7904192.500
9152072.000
4019182.750
8991552.000
5260843.500
8948210.000
7445588.500
5278171.500
8833393.000
382685.875
5827927.000
3746289.250
9288536.000
8836603.000
2479162.000
239146.266
6582761.500
994001.500
3508018.250
8480396.000
3737310.500
5872076.500
9777815.000
1501273.875
8242953.000
118797.750
1391350.125
7223535.500
7846438.500
1578693.125
9821798.000
5715660.000
695793.500
3806009.750
4672239.500
5956636.000
2719248.250
2082857.250
1199836.250
1517670.250
2465542.000
7027762.000
5263958.500
1719107.125
5829394.500
7743119.500
1958252.375
2377184.750
8737120.000
5466269.500
822609.500
2439459.500
1303374.750
565452.938
3940732.250
9546327.000
684249.688
5332081.500
6734891.000
8530687.000
6910773.500
6521717.500
4211375.500
7606566.000
292756.125
8883614.000
3528231.000
3012003.500
931500.000
4728066.000
4529673.000
3397041.250
1720857.125
9793630.000
5116147.000
7550250.500
7501778.500
7074398.500
9927434.000
6203927.000
2505696.750
715072.250
8643386.000
3809070.750
1280524.250
2549146.500
3320426.000
1964772.875
7881226.500
20345.580
460488.625
4757029.000
6542062.500
4671863.000
2328623.750
6834817.500
3520505.500
5856854.000
9846820.000
4452004.500
549948.562
4341521.000
7849044.500
2270804.750
4100180.250
2930220.750
9821054.000
1566987.375
10004618.000
9713517.000
7770913.500
2475343.750
393617.812
6379328.000
6284413.500
1674141.000
8928474.000
9604838.000
3638913.000
6774729.000
9625183.000
4099400.500
1496786.625
6132274.000
8771263.000
3825409.500
2932120.000
2256796.750
9682262.000
2743968.750
6708800.500
197239.516
7085489.000
4522874.000
2468043.250
1150697.875
7453093.500
2254126.000
2717684.250
7422740.000
1932671.625
453626.156
9898082.000
2326288.500
6832952.500
6147524.500
4000428.250
5726455.000
5717392.000
7639340.000
2466212.250
5307603.500
1703769.500
3962998.000
1404906.125
440060.688
7788406.000
4337025.500
2696856.750
7435697.500
7080992.500
9405656.000
7632936.000
4131510.500
3893558.250
66007.703
5282207.500
1311680.250
2320132.750
7999890.500
8734420.000
4252803.500
8453516.000
8597531.000
6579091.000
5251497.000
4710084.500
544547.875
942980.562
392504.812
8183887.500
3409192.000
5700107.000
9887656.000
7372188.500
7105012.500
292745.156
5125624.000
1407066.250
2989600.750
2526349.750
8488058.000
2360285.250
124314.234
2584597.250
6253842.500
190320.938
7866804.000
7565521.500
2510452.750
5831723.000
6264970.000
6763255.000
4250267.000
4827529.500
3307374.500
9501763.000
9537613.000
3851921.500
409772.281
9930117.000
2000837.125
3818963.250
5595252.500
1853521.750
1156180.750
2665293.500
2146265.750
6281804.000
4072359.000
5135865.000
8808152.000
2525445.750
7496150.000
8932465.000
5110042.000
3715021.000
9122785.000
2941874.250
1245571.375
1598266.875
8773596.000
7510540.500
8361521.000
2988891.500
2303098.500
1633924.000
2455683.500
1805739.875
5485844.000
2865454.750
1700885.000
7486680.500
6684417.000
7296137.000
9340201.000
7840596.500
9961429.000
1451495.875
4087429.000
3998816.750
6587360.000
2860610.000
6524261.500
4048538.750
1758104.000
1599332.125
7763558.500
845918.250
4541205.500
9009129.000
2444184.000
3279830.250
6484698.000
770733.625
6268721.000
8787796.000
2404656.750
8724403.000
558563.938
7890500.000
1554886.875
2259448.000
5342209.500
8239303.000
9555584.000
4647439.500
6044928.000
9482041.000
6098934.000
97385.523
3445887.000
2651323.250
2957994.250
9970147.000
6699860.500
4716097.500
1534508.250
4428448.500
5562015.000
6075713.000
3402605.750
8006197.500
9355542.000
9887303.000
8776930.000
5589292.000
8640127.000
1146615.750
4278724.000
9198690.000
9037115.000
5833610.000
1423166.500
4344353.000
4037941.000
943778.750
8991792.000
47897.762
390848.844
5055754.500
145282.281
3836734.500
7707076.500
3103275.750
3771910.750
4371966.500
7819372.000
5306418.000
8800414.000
3346415.250
1347159.125
2168048.000
1317641.875
667729.875
2020379.625
59600.816
6257021.000
625535.188
1206215.625
500773.250
9824224.000
208359.188
6334382.000
1212419.125
4552711.500
337351.719
2156197.000
3509531.250
385248.469
2547045.000
8565285.000
530529.750
6383778.500
6237390.000
3633804.250
120717.766
574384.750
1418205.125
5427134.500
9374798.000
4764619.500
6774292.500
1507874.000
6082260.000
7442021.500
3528252.750
6141860.500
3664071.000
4153787.000
7348075.000
4164843.500
3943039.500
7556432.500
464254.031
5155457.500
2074172.625
801604.750
7311653.500
5583703.000
1186852.250
9858697.000
4114016.500
1717381.000
6207504.500
316434.844
5351184.500
6328221.000
890818.625
6769388.500
1720384.500
230644.609
1499036.625
8494676.000
1738517.625
7581295.500
5901727.000
5266769.000
3688184.750
9565797.000
9420555.000
1001287.938
3695668.750
3328623.750
8557720.000
4159922.000
8484080.000
596921.188
4961525.500
5760762.500
6180623.500
6148377.000
5584489.000
259668.125
7865757.000
1757022.000
576101.938
3181970.000
8085242.500
1466919.625
9951357.000
9805626.000
1697563.125
1415422.875
8265330.500
3436080.000
8996718.000
4132086.250
8702848.000
2649931.250
3662911.750
8088432.500
3651218.000
7358580.000
1382084.500
2173966.500
1483530.250
9866164.000
2770886.750
6445054.500
5591955.500
8951509.000
2558460.500
1141472.750
9211176.000
389246.125
2898493.750
9787277.000
3571215.000
948764.750
1219225.250
3487601.500
719419.250
2916787.250
4903023.500
8984749.000
6352866.500
3864770.000
3081864.000
5020743.000
6514700.000
6744775.000
3074204.250
130946.766
4068383.000
4456287.500
2304912.250
5551912.500
4287480.000
5075798.000
1961995.750
9879435.000
3992335.750
4520455.500
985935.812
3168540.250
4909700.500
3884428.750
2920845.750
8480914.000
4833192.000
4140070.000
1933544.625
5552610.500
7056856.500
6836567.000
4502388.000
3374751.500
666365.625
7584251.000
8395493.000
7181065.000
4294054.500
1434726.250
7312010.500
8362436.500
5891012.500
9616922.000
3879377.500
143521.688
4657748.500
5841372.500
10022955.000
8650083.000
326856.188
973919.562
1783651.875
5236556.000
4858347.000
4704496.500
3682498.750
9691538.000
8844566.000
5616042.500
5209177.500
5866451.000
2417638.250
9711565.000
9241201.000
3084002.750
7260844.500
7601723.500
230096.109
1519928.125
9036449.000
7542105.500
9882364.000
4892490.500
7124055.500
3726770.000
5036011.000
1746832.875
9568141.000
5023995.000
361944.500
9894996.000
5997913.500
2145595.250
5096580.500
821289.250
6850091.000
8779078.000
477856.312
5659685.500
4360149.500
5687033.000
1491165.125
6777786.500
5363627.000
697395.000
9861789.000
2589500.250
8299117.500
56913.277
4109427.500
7300595.000
7599017.500
3956819.750
2158114.000
4688102.500
7683588.500
7194124.000
6434934.000
7216759.000
2183147.500
6796877.500
7076783.500
8181060.000
8942472.000
2138393.000
9002348.000
5757591.500
882500.062
9480203.000
1382306.000
5242648.500
5132265.000
2873470.000
1985464.000
460920.375
3570864.250
1812281.125
3050419.500
1835010.375
1869193.375
7159846.000
9135604.000
9468210.000
1081694.625
1258746.875
4121341.000
8765282.000
8452870.000
521304.125
5947070.000
601046.000
7318181.000
2988882.250
8782105.000
6225681.500
5127274.500
7749481.500
1948302.250
6009773.500
7194713.500
3330607.250
1217450.625
2292007.250
6204076.500
3202913.500
2752926.500
9774940.000
5015194.000
5803345.000
1574978.625
6884386.000
2928220.000
675611.562
6317625.000
4009913.500
1934357.500
403994.875
2740224.500
352256.062
925298.000
8687293.000
953301.125
8243478.000
1641204.250
9735405.000
4434188.500
6768477.500
7449915.000
6382489.500
2743279.750
4609657.000
9713096.000
3960729.250
6901663.500
5882201.000
7163642.000
9654589.000
5622169.500
2143864.250
5422962.500
7197147.500
9028250.000
8351181.500
7872757.500
5310903.000
2326123.750
9807114.000
5714897.000
5066347.500
124398.867
6640193.500
3718669.250
1077699.000
4848700.500
5359872.500
778132.500
9282888.000
2093378.750
8228047.000
5630406.500
4836657.500
2802732.250
5308530.500
8797386.000
9704395.000
1155760.500
5926056.500
9324013.000
6777929.000
8069919.500
4712004.000
3940104.750
7063197.500
3028214.500
1777891.000
2339129.000
5354337.500
1550033.750
8054025.000
385713.219
1674431.625
4659247.500
4104381.500
2752129.500
9507947.000
9464253.000
3530261.000
8755864.000
1522660.750
1723336.500
4351298.500
6359317.500
4526068.000
9659828.000
5121731.500
4195491.500
780617.375
1012816.375
3484532.750
7558545.000
9082735.000
8196535.500
1463678.750
6110961.000
1189778.750
3241568.750
8450089.000
6544115.000
4791601.500
6469142.500
6929827.000
6466032.500
1093419.000
999237.500
9218161.000
566394.750
428519.344
2713450.500
9322257.000
1951179.000
4436786.000
3638584.250
8310495.500
8962853.000
3263441.250
3397255.500
3123373.000
4044057.500
4410071.000
6607904.500
1567631.500
3457834.250
4769469.000
3031309.250
9568794.000
5959247.000
6272876.500
7983912.000
2468390.500
1029507.188
4418083.500
9398217.000
7495538.500
5511501.000
362483.062
6678727.500
6077895.000
791001.438
9392177.000
5365181.000
2742179.500
3793992.250
9003764.000
1017703.438
2721874.000
2232234.000
4414958.000
5845246.000
6276291.000
8825028.000
2418179.500
7843921.000
2247890.750
7187647.000
840259.062
1781713.625
3111923.000
7113135.000
9765625.000
5580312.500
8142641.500
4148736.500
4943558.000
5603208.000
9660237.000
5306040.000
2246964.750
5703160.000
6097040.500
1604171.000
1033369.875
8839219.000
5398162.500
2162.841
9856922.000
8120035.000
2234396.000
4236908.000
3930309.750
8510686.000
3026964.500
6348488.000
6319635.500
5274854.000
3501164.250
7159893.500
7056567.000
6613086.500
4238057.500
6787220.000
2158427.500
2345727.250
900985.250
7101984.500
7948934.500
526250.562
2373053.250
160927.875
6229410.000
8470093.000
1765097.875
7262779.000
7274341.000
7163259.000
7264940.500
7096291.000
5248323.500
9499336.000
1298227.500
9178632.000
7975050.000
4325191.000
5492149.000
4259714.000
9600044.000
8993312.000
1384636.125
6621639.500
5571427.000
5622692.500
3373888.500
7729853.500
7968418.500
4274872.500
4796867.000
5882381.500
4801122.000
7169919.000
6043308.500
995560.750
5605041.000
7808405.500
8258338.500
2844410.000
4936693.500
5488308.000
9940700.000
150045.094
4952672.000
1203956.000
9328676.000
2892750.500
5529146.000
4785853.500
7152463.500
5094219.000
3744194.750
8537099.000
1680887.250
9315621.000
4124819.500
5054775.000
7010503.000
2058266.875
9329646.000
1772398.625
7940647.500
4095797.250
8942317.000
3948984.750
5091357.000
4512386.000
1722418.625
3314724.500
7356795.000
6659110.500
8803031.000
7262523.500
6809155.000
3720732.250
8466478.000
6102860.000
6613481.500
3960653.250
853742.312
3730974.000
9054871.000
4597936.000
2233101.250
700787.188
3878585.500
6357920.000
5755561.000
854117.500
8416186.000
5050236.000
2626515.000
6321862.000
9146033.000
1533860.500
235875.125
4202418.500
6046245.500
1958292.750
7517142.000
3368069.250
8617403.000
6285201.500
595621.312
5391586.500
10005933.000
9062099.000
1459475.000
6584443.500
2987781.000
2313216.500
280446.219
2007680.500
6911151.500
2513546.500
2708466.750
754765.688
8871465.000
8464027.000
1608882.250
7252679.500
3479291.500
4235396.500
3539570.250
2590352.750
5769256.000
3775444.500
6792770.000
1780529.875
5733736.000
4274941.000
5148598.000
4316167.500
525171.688
5744218.000
9707753.000
496133.562
4771345.500
1132256.750
7080576.500
7759126.000
3445472.000
7361021.500
9766805.000
321652.219
9874567.000
2440300.750
1076417.000
8711061.000
869356.125
2685298.000
5928769.000
4348646.500
6920693.500
9468339.000
6938998.000
2654978.000
3208811.500
3696797.500
4435506.500
8942547.000
7971737.500
9584104.000
3223743.000
8496908.000
5293350.500
2896524.750
8993041.000
29725.262
4028780.750
6038645.500
7788850.000
7474252.000
3364695.750
7520684.000
7795902.500
3204291.500
9960984.000
8872319.000
1880380.875
795368.500
1522645.750
7809149.000
5144014.000
8443338.000
7242516.000
2048041.375
1063344.750
416356.562
5744838.000
5498850.500
9358902.000
3681604.000
5047983.000
2547674.000
2143541.000
306362.156
5444198.000
1101610.250
336086.406
9472977.000
7140255.000
8124935.500
6912257.500
469979.281
5610647.500
4673189.000
3674269.500
5536660.000
3510536.750
5554649.500
6332027.500
5033181.500
3328827.000
1441070.500
3441548.250
536372.062
3489110.750
4504892.000
952727.562
9233948.000
10003742.000
276658.594
2880580.500
5016753.000
2824331.500
5024120.500
5323114.500
8268528.500
6125730.000
5659200.000
7706534.500
3231013.250
3749163.750
4583821.000
3700991.500
9359811.000
9257009.000
7375260.000
4861499.500
2732575.000
2894938.000
1158555.750
7765755.500
6223764.000
2599625.250
1172332.625
6760135.500
6088735.000
5677224.000
7712861.500
5287711.500
5645994.500
7989519.500
8168291.000
627775.750
778879.812
3157440.000
5950889.000
9047407.000
9283169.000
1575117.250
6718970.500
2479210.500
5324280.000
1267820.125
6180201.000
4649119.000
489857.969
3520489.750
9510618.000
3222431.750
6415427.000
634202.000
953215.875
2604220.000
3233826.250
2125547.500
9364354.000
9322560.000
7802770.500
7042244.500
4575300.500
3413793.000
4996793.000
2708620.250
4041567.500
5775671.500
5866059.000
9992456.000
4788107.500
5114256.500
1532601.500
1472106.750
7593466.500
6856880.500
2739925.750
3738696.250
1471028.125
3229782.500
7259185.000
946674.375
6452213.500
3639640.250
1580875.375
7405428.500
6243859.000
4814700.500
9530975.000
5573242.000
4102289.500
7298773.500
2580515.500
8677589.000
677595.188
7577307.500
1351238.250
4719162.000
3318007.750
7217296.500
4676646.000
8106114.000
2296582.000
6209246.500
9578220.000
9890047.000
3031155.500
2283174.250
3593772.000
4502182.500
5512955.500
817985.625
5448855.500
1930197.875
4457625.000
7029730.500
9335625.000
666513.000
1809459.500
8831628.000
6239754.000
5911748.000
6095431.000
8820268.000
4554366.000
6773025.500
6362604.000
5905603.500
1457215.500
9680611.000
3087928.250
6133860.500
7751754.000
5384509.500
2308135.750
7295002.000
5239585.500
5339290.000
9578175.000
8833356.000
9841472.000
5056160.000
9651341.000
5255357.000
6986357.000
4073994.750
2250115.750
6287010.500
4740506.500
4059574.250
5083668.000
945289.438
9971321.000
1144127.625
9765557.000
4490716.000
7917151.500
6093190.000
361347.719
9374366.000
5738829.500
3449275.250
5473255.500
3455611.500
8833783.000
7781390.000
715642.625
4038397.750
3085709.250
258846.797
2836782.750
2892210.000
5315006.000
2453152.750
8147566.000
2266391.250
6527146.500
362710.156
8553401.000
1232681.875
4422283.500
3602097.750
2177970.250
4358633.500
4746224.500
1908555.750
8849348.000
2628404.750
8001744.500
9210695.000
1967799.625
3705602.500
2624999.000
7441053.500
7161213.500
1423811.125
5187473.000
7876855.000
5462208.000
8273181.000
8135700.500
8298990.000
1130419.875
3415735.250
717171.062
9277985.000
5682125.500
7244316.500
9640694.000
4200555.000
8476997.000
4028005.750
7802652.000
619996.375
8386638.000
2513904.750
2528551.250
7201015.000
5142309.000
495324.438
6376738.500
7110107.500
4200926.000
9001737.000
4516189.500
1327168.000
390576.438
9703662.000
9204022.000
5852783.000
7941871.500
7304751.500
4116802.000
9072290.000
685515.312
4833972.000
8315304.000
6367639.500
2043317.000
7921026.000
533223.688
485343.156
1914060.875
8335875.000
1105338.625
265727.625
814808.312
3633888.750
7466741.500
5957116.000
4129212.250
3808509.000
3032251.500
8330137.500
2775274.500
7548440.500
9657304.000
3165849.750
7217131.000
8826355.000
9018632.000
5124031.000
6096135.000
3100462.750
4161350.000
6781649.000
7934433.500
2441682.750
3114317.750
9977750.000
327737.500
3647540.500
428121.500
2241797.250
1948443.875
1533459.125
2507523.750
2763251.250
5167346.500
9974265.000
8720366.000
9296558.000
3747802.500
1717646.625
7591724.000
6523076.000
9266086.000
7214057.000
9688925.000
6448245.500
6005440.500
8672586.000
1537305.375
2066604.500
1738077.125
5698655.000
8848253.000
9672510.000
8140336.500
1927599.500
9615288.000
8468072.000
5575139.000
8438.257
674898.625
7523582.000
1541896.375
3182421.750
251861.891
6709242.500
3121715.000
8972227.000
5970829.000
6869516.500
654902.312
3527581.750
3357621.000
9920987.000
706667.562
3011574.500
6334261.500
6712107.500
1649189.000
7871566.000
8778711.000
3387265.250
3535249.500
7591992.000
3024803.750
1640614.375
9519591.000
2605120.500
73715.844
5059758.500
2613557.750
748613.500
2548369.250
4155452.750
3931034.000
2800230.000
829723.812
7052748.000
1737485.750
6800552.000
3887292.750
2392387.000
293162.375
7244913.000
2278403.000
999828.875
221516.047
8612664.000
7711935.000
1870704.125
6449259.000
6455674.500
5257968.500
9984508.000
4012695.500
8282771.000
1590150.500
3497314.750
852919.875
1663865.375
8557073.000
3466476.250
2412477.750
1070470.125
7621928.500
6343511.000
3870699.250
8451651.000
3361287.500
5608184.000
5217232.000
7248579.500
8000570.000
5510393.000
4458521.000
244001.781
6510221.000
4680036.000
8856665.000
4187184.750
6550739.000
5270952.500
607888.125
1773736.000
5220488.000
4620582.500
21535.453
6810638.000
8117896.000
874454.312
8474502.000
6639997.500
4340930.000
852008.938
7710466.000
1927886.875
7195518.500
1546194.250
344566.844
521835.062
7154377.500
5561798.000
7770413.500
5119976.000
1037219.625
2193963.250
5363977.000
7547439.500
6873998.000
4185669.750
1699653.375
3389765.750
9456621.000
2307540.500
5163500.500
4642138.500
6928122.000
5185035.000
1417805.000
5011047.000
6059488.500
9892306.000
1616073.125
365447.062
709343.812
9326539.000
2293333.000
7904861.500
837761.438
2637898.750
8426696.000
7992137.500
8199695.500
6162138.000
3077142.000
9236914.000
8356100.000
8441118.000
6749382.500
5195127.000
2591816.250
8449035.000
8584892.000
2013466.125
721604.125
3713421.250
6655603.000
7649725.500
8898456.000
8073407.000
2625800.750
4922973.000
7930742.000
4241873.000
5288419.000
8640085.000
3533440.000
7581751.000
6509975.000
4371200.500
184678.516
4901700.000
2328367.000
8384373.000
1028866.500
5405508.000
7586316.000
9384966.000
3811654.000
4300727.000
4545121.500
6403469.500
2714791.000
3095041.500
8416934.000
3436394.000
6808462.000
5037566.500
1051147.875
5671946.500
3076002.500
3676947.750
559948.188
971773.250
7918819.500
5848366.500
9611857.000
1417288.500
3395146.000
6086861.500
5788488.000
3579823.750
953589.938
8116854.000
1929225.250
1982455.375
3487390.500
9515540.000
1332449.625
7299043.500
3781296.000
5877569.500
3667541.750
6496086.000
8972611.000
2049504.750
9932479.000
5746101.500
7087070.500
948655.500
1383076.625
128101.133
4625602.000
1943023.750
1099873.375
2509450.500
7791389.000
676759.375
3926738.000
1151563.750
6763619.500
9715225.000
4731386.500
7717208.500
7797108.000
6660611.000
9699663.000
1249527.125
6141179.500
997141.312
8548570.000
9922474.000
6874710.000
2181140.250
6383589.000
5812349.500
4230644.000
6281097.000
1523479.625
1282742.625
7229751.000
2906555.000
1410842.875
1820382.000
4849578.000
2510715.250
4329831.500
2605995.750
3187473.500
8256568.500
3757558.500
9951092.000
7936822.000
8488944.000
7633329.500
5698959.000
5114583.000
7298021.500
6948485.000
1220791.125
8295162.000
5462083.500
1108294.250
5134900.500
7643222.500
7491882.500
912278.688
1838895.250
3738007.500
2435757.250
3121637.000
932787.250
5342311.500
4532478.500
2753168.250
156917.984
7043192.500
7082999.000
2762912.750
195695.109
5304596.000
6520470.500
111816.016
3206447.000
4974443.000
7745144.500
8905405.000
54054.551
5008194.500
5818918.500
1274844.625
3268384.750
1246031.000
2383138.000
8403284.000
8889253.000
9875019.000
9315562.000
693176.688
3578055.250
1716347.750
3814812.500
4510841.500
7058658.000
8347290.000
7264009.000
7215575.000
5355512.000
4312036.500
9978487.000
5551206.000
9616631.000
6463986.000
5663021.500
2788106.750
1403457.125
3373194.250
1658540.625
1457510.875
8381388.000
7477458.500
2732354.500
1614801.125
8723489.000
5115491.500
10018084.000
7577769.500
4955539.000
9298675.000
8270945.500
8533594.000
980051.312
2050787.000
3009464.000
8038708.500
363105.969
238501.406
5219312.500
5718617.000
4550536.500
5162828.000
1234851.750
4132196.250
1591842.000
6897872.000
6920302.500
2995298.250
236094.828
8578842.000
4452808.000
8617481.000
6021329.000
7185161.500
197311.469
4709846.000
2265681.750
180424.516
2252645.000
7221220.500
9479098.000
488619.250
5719842.500
424178.375
2539405.250
8729306.000
8462886.000
2902510.250
8967806.000
3647226.750
8621126.000
3483371.250
8810053.000
9855976.000
7615567.000
366924.125
6718877.000
4500897.500
3362221.500
6954971.500
3044768.000
7815028.500
5537481.500
9066096.000
4965219.000
5734791.500
3740971.500
7230899.000
5915215.500
5993615.500
4417148.000
5359342.500
6482234.000
102019.414
5783520.000
9021638.000
8831324.000
4211434.500
1889176.500
7764158.500
7858659.500
475331.250
1212558.125
6633742.000
296336.656
8828123.000
7000665.000
7015212.500
3294049.500
327915.281
3935212.750
6338817.000
8142943.000
9472693.000
5369942.000
3073190.500
5172513.500
9110912.000
269118.562
1052757.500
5069556.500
4686266.000
6412099.000
1516818.625
4788284.000
2160647.500
503485.156
3584636.750
6372081.000
2392660.750
1313823.750
4195769.000
2867990.750
2526381.000
794540.000
3164326.750
1319533.125
7795204.000
144568.141
4613582.000
8123118.500
4079779.750
917427.438
6231090.000
3517501.500
6287368.000
9304279.000
8690014.000
5363309.500
9573397.000
9742770.000
397894.562
4224691.000
6119897.500
1914712.375
9012974.000
8280544.000
2418196.500
2562640.000
4617653.500
4810856.000
3876462.750
8813422.000
7678846.000
6402842.500
9607961.000
808201.312
7722375.000
7368193.500
952768.375
2300985.500
5456340.500
5032547.000
3218412.000
1652459.125
8550048.000
9505779.000
921767.125
7205090.000
4834118.000
460192.625
6912889.000
5232011.000
4684883.000
2997815.500
7146722.500
3662886.000
1243388.375
9564918.000
6225525.000
5861041.000
4340802.500
67016.812
4639491.500
1984677.375
6469858.500
4212481.000
2792877.500
4157262.250
1545703.125
3745645.000
6458247.000
7002043.000
8778191.000
9676658.000
8654501.000
7293267.500
9147466.000
9576267.000
4463386.000
3946612.500
1488.491
1341303.875
9178623.000
4686370.500
4339118.500
6290374.000
8349255.500
5582505.500
5820320.000
4539809.500
1408575.250
126151.523
4606825.500
6048065.500
2110828.000
1041712.688
225575.203
4903704.500
5198974.000
1771277.375
8649349.000
1622249.375
8773319.000
7392568.500
1263936.000
7392849.000
4650864.500
376430.594
6934145.000
9114250.000
4323042.000
6935632.000
420582.344
3466693.250
1587031.375
4759699.500
9757066.000
9936286.000
307234.031
5542415.000
4441124.500
1715808.250
5668565.500
9047949.000
7763872.500
7779392.000
54690.242
7989447.000
2648125.000
5253663.000
9760724.000
1262502.375
6875911.500
8499071.000
8655070.000
8139846.500
5856949.000
3270963.000
8516276.000
2756122.500
2350241.500
2804346.750
9691754.000
2770823.000
6271038.500
1243813.625
7530521.500
5993133.500
1145128.375
7837754.500
1500576.500
5586252.000
9553562.000
7169140.500
4599229.500
7282463.500
4913561.000
4653918.500
5236939.000
7561685.500
9907581.000
4962691.500
8824187.000
6748521.000
3426791.500
7444285.500
4853396.500
9283739.000
680277.062
3334701.250
2004890.625
3030517.750
6139046.500
1661672.875
5801339.500
2375114.250
2905485.500
3296889.500
8368247.000
4050613.000
1099672.875
9868822.000
9636864.000
618263.375
7002991.500
4201121.500
7900725.500
1881581.375
8855039.000
3102693.750
9443266.000
8727649.000
8065384.500
8232481.500
5441198.500
1457204.750
5641795.500
259623.391
705972.875
6322071.500
3594323.500
2710862.500
9352588.000
9733369.000
4372534.500
5118956.000
2073512.375
7278019.000
8415844.000
406787.625
1293660.625
9515516.000
240638.391
895553.062
98808.438
7243628.500
5096674.000
7999533.500
9125210.000
3916741.750
1067255.750
8533504.000
2609419.250
9132640.000
6731014.000
8050616.500
554872.562
2337838.250
8310239.000
1260844.500
8659909.000
1869591.000
3971706.000
7977525.000
1567989.000
8344239.500
3061509.750
3641500.500
5587287.000
1442383.000
4048287.250
6880946.500
922928.188
4288924.500
7776498.500
1021735.625
1497581.875
2838201.250
9021268.000
587819.875
6754942.000
53552.438
9121323.000
9364360.000
9186191.000
5817365.500
7380005.000
9741062.000
8155203.000
5655272.500
966935.500
6780139.500
7524862.500
4938640.500
4722693.500
9092851.000
3247908.500
7784202.500
2699379.750
8835195.000
9226584.000
6747665.500
5681170.500
114541.430
1001619.062
3422697.750
1136276.125
2499200.000
6260898.000
122572.656
3087018.750
2980868.500
176124.109
2173370.250
2310257.500
9362314.000
7990735.000
9690261.000
9068404.000
6110966.000
5310563.000
368.893
2856134.500
2800454.500
4939008.500
7578827.000
1858333.750
8186916.500
5328058.000
4557712.500
6987139.500
4519671.500
1270407.250
2633338.750
4634211.500
2272025.250
6056035.000
5770487.000
4771224.500
2281962.000
5893058.000
7858242.000
5262830.000
6069181.500
10031612.000
7573086.500
5396524.000
7987375.000
7228376.500
4429957.500
4063369.750
2503968.000
4430325.500
6919503.000
5304421.500
9369332.000
4463358.500
7162754.000
7521277.500
9791416.000
1685495.375
4473446.000
4276116.000
2955901.750
7106783.500
8910326.000
5227926.000
3127847.250
4645842.000
9999149.000
5409808.500
503929.031
7822420.500
637667.062
6573109.500
7819061.000
8210752.500
1934662.250
5771464.000
5404157.500
6364618.500
9834833.000
7908124.500
759972.562
6719364.500
3177574.750
94334.016
1147752.125
305357.500
7615610.500
904196.562
1990852.000
2054085.000
5180311.000
4946752.500
9160867.000
4055666.250
139707.469
2253743.500
8701507.000
103885.633
7663551.000
9205436.000
7926305.500
8301217.500
5743574.000
5710394.500
6476998.500
7678234.500
1446887.750
1846184.375
4007882.250
1246749.500
9754308.000
4767854.000
7966113.500
2896911.250
4862187.000
9113865.000
3202268.000
2442826.000
10018060.000
5193119.000
4496910.000
5163400.000
104900.141
3622806.250
9219066.000
244606.609
5876548.500
7885602.000
348491.250
3505128.500
7056065.500
8274795.500
1771374.125
2764668.250
3950218.500
8248371.000
407931.719
5397105.500
59584.434
4415813.000
6643853.500
9813891.000
9183666.000
4574996.000
2675831.500
4010881.250
3653889.000
5878098.500
6453706.500
3636978.000
1036245.812
915645.125
8800377.000
1141144.875
4538450.500
7984471.500
1385750.500
380027.625
5835101.500
1734240.750
3885155.000
2856196.250
10009035.000
5656528.500
5620863.000
3924282.500
3869928.500
6028794.500
9321386.000
3929512.000
409635.812
5930269.000
3708432.000
9593301.000
470293.438
6384262.500
3569210.750
4124181.250
2227389.250
10022916.000
7761158.500
3263634.000
903589.812
6526564.500
4404778.000
5442039.000
4476064.500
5790527.000
5822065.500
276194.781
7524767.000
9707220.000
3132390.000
7498831.000
5328777.000
8753253.000
1388141.875
9198704.000
4747075.500
674557.188
3093244.500
5156710.000
6604825.000
6801675.000
4715039.500
7075118.000
3150966.250
8284249.000
1164327.750
5378354.500
8272193.500
8925485.000
8641987.000
9175783.000
5417078.000
3011794.250
4582850.500
9893141.000
8802321.000
369944.781
134364.703
6292116.500
42193.238
3266754.000
3755976.250
5370969.000
1985035.125
5144117.000
4534701.500
6732109.500
5818673.500
7627945.000
1853848.500
2388527.000
4394649.000
6568887.000
9463644.000
7545615.000
4818165.000
593000.000
2888997.750
3055387.250
9518484.000
1496014.125
2196198.750
4900591.000
4507807.500
6779048.000
4758761.000
3275156.750
7148992.000
4893124.500
9567272.000
7191184.000
8159877.000
3288277.000
2527181.750
109940.992
8432393.000
7061882.500
6842049.500
4216095.000
4654856.000
8695897.000
6604621.000
9049505.000
5229813.000
6033293.500
6560147.500
13006.468
6626292.500
9449145.000
3068392.750
6109805.500
910187.375
5264591.000
975424.875
5417994.000
2008667.375
5734184.500
8693150.000
9157658.000
592337.625
8225451.000
6313871.000
8752214.000
1478756.625
8841052.000
8862154.000
9911149.000
5867963.000
5669232.500
4092272.500
487847.656
4330158.000
661922.438
9537351.000
9559970.000
6695215.000
6062527.000
9572975.000
3286536.250
5476700.500
2606396.750
9396340.000
6386887.000
7870986.500
336793.969
1769909.500
9879652.000
6070977.500
428087.781
9002340.000
6663314.500
8653537.000
5281239.000
5380556.500
97322.625
4087319.500
4207739.000
10008471.000
9955281.000
9876970.000
4065771.500
408157.531
4172156.750
4727693.000
9945508.000
3697155.000
1387936.500
5973063.500
3235159.250
4674471.500
1414792.875
5841555.000
4035840.750
7801679.000
3677569.500
4372634.000
9571587.000
3522250.750
408640.031
9999674.000
2489619.000
7071953.000
8618240.000
7770857.000
2417538.500
8715562.000
1823205.125
6625277.000
8689061.000
1743515.000
6467276.000
2719861.250
2151671.500
604461.062
7447553.000
2062208.000
4301615.000
8835489.000
8035270.500
7536773.000
3474989.250
9450063.000
3343356.500
7510829.500
7216770.000
7020925.500
1848491.500
6753386.500
508204.875
2257130.500
6718089.500
2997823.000
9329082.000
5301358.000
733708.812
1711649.875
3981948.500
2556913.250
8336925.500
2636038.000
4300427.000
4769230.000
5355898.500
6452097.500
5373690.000
2768480.500
8514304.000
9675304.000
1568997.875
6514604.000
7177105.500
5043986.500
5929695.000
485491.250
2519843.750
3111494.000
7506415.500
4368334.000
9864879.000
8014619.500
6625464.000
6547997.000
977471.062
5919575.000
1814383.625
1711178.875
7631224.000
5796331.500
4268090.500
5933178.500
8432368.000
8568517.000
667437.062
3753295.750
4985643.000
6041126.000
6521775.000
3464976.500
5681458.500
8090771.500
9979580.000
2823593.250
3099786.500
5874303.000
3309083.500
5619629.500
8985796.000
780527.875
9987962.000
8815704.000
8795146.000
6578455.000
5328729.500
9772616.000
2463059.000
7143112.000
1448823.750
59311.793
2904472.250
5716913.500
5992489.000
1301869.500
4250459.500
6659925.500
5055164.000
9236101.000
2666079.750
1541967.750
2666106.750
8347537.500
9632738.000
2610714.750
1136159.750
2697554.000
8485017.000
4445242.500
8317182.000
7435841.500
5225769.000
8270173.500
6216574.500
3985944.250
4813657.000
1510332.875
3723589.250
7276715.500
8653445.000
5172412.000
7336026.000
1522945.250
854354.250
3293544.000
2824813.750
5104812.500
9953468.000
7879977.000
4305942.500
2584576.750
9421944.000
6972048.000
897143.125
9019711.000
9582762.000
2033301.875
1682293.875
8032807.500
6478543.500
9999475.000
5433677.500
1669341.375
8234677.500
1615280.875
5655284.500
3013363.500
3125612.750
9378873.000
255107.359
1744085.750
4516313.500
7591132.500
3267030.250
5370667.000
849705.062
6091843.000
440507.875
768202.000
3936848.750
4746449.500
3352777.750
3323821.500
1683526.375
4249920.000
2308561.500
1231316.875
6283220.500
3990854.750
9264123.000
2726792.750
3955358.250
4662830.000
4396133.000
2155064.750
6278109.500
16446.621
5168427.000
9403721.000
9395318.000
5423533.500
1112835.875
3876660.750
2979694.500
4379865.000
9247326.000
3829398.500
436736.781
9687834.000
4597599.500
4373584.500
4399311.500
7950376.500
7697405.500
6082836.500
2165325.000
10005966.000
7314152.500
8448545.000
3961849.000
6543305.000
1140366.375
7917206.500
1171163.125
5536498.500
37299.746
7449272.000
5552944.500
5205725.500
6818022.000
4913291.500
594287.750
7930857.000
8789951.000
3573981.000
2275750.750
8002306.000
7403378.500
2712486.500
7655168.500
1966007.000
7086070.000
2019508.500
9916382.000
4748504.000
8102344.000
2046735.750
4719498.500
5381525.500
460309.344
8681347.000
1889859.000
1600674.625
6563582.000
3061021.000
7137172.000
6600880.500
475321.594
2655145.250
1771635.000
7293342.500
7568436.000
2365921.750
5189228.000
6323415.500
5939902.000
7464977.500
4290750.500
3308309.250
142492.906
1910947.500
5274315.000
7228561.500
3930454.750
5155726.000
1942094.750
1997827.875
7202461.000
6661592.500
7379352.500
7662769.500
5307968.000
9269210.000
9263443.000
1836578.000
2295260.000
6365644.500
8437458.000
2770580.750
9020788.000
174121.156
28951.930
6554253.000
2540042.000
5218179.500
2842697.250
8479943.000
2648185.500
7133447.000
1753280.750
2790677.750
9044393.000
7027595.000
10019239.000
2939877.000
2148349.750
1926362.000
4937704.000
9350810.000
8587953.000
2282085.000
6978608.500
3860949.250
1516323.875
6207080.000
5697526.000
3811583.000
2537752.750
4100012.750
6582162.500
1523569.875
4274132.500
6611113.500
8077822.000
6814173.500
1794321.250
885547.938
5259145.000
4442506.000
8018994.000
7012425.000
7233182.500
7028416.000
4005048.750
7217449.500
9968292.000
6153397.500
9143810.000
4871024.500
5469236.000
7696792.500
7153108.000
2412872.750
1522770.500
8669431.000
8619952.000
7220295.500
2446042.500
1122733.000
1285337.125
9028204.000
2646302.000
5559468.500
5604346.000
689152.562
2338671.250
7398666.500
1574699.500
7597815.500
1806200.875
9593692.000
4575269.000
9039383.000
6587137.000
8580317.000
6221860.500
6520457.500
4698742.000
5330700.000
1356510.125
133007.062
2992520.750
8509617.000
2545878.750
4515290.000
7144077.000
1130859.125
1700614.625
9590118.000
2253591.250
2985951.000
8583351.000
4899892.000
8545419.000
4152725.750
5589044.000
849118.688
1516420.750
7163742.500
8446933.000
3322620.500
6722463.000
2987230.250
2327031.500
3274628.250
1532575.375
8548891.000
9795084.000
6231316.500
3844619.500
1116623.375
6364322.500
6837139.000
9626240.000
8910201.000
1317458.000
6735345.000
6088.411
3018071.750
6290492.000
2259678.500
6004021.500
4838871.500
7159569.500
4514469.000
8991596.000
2713642.250
5363587.000
473045.500
9877383.000
3775548.250
3795665.250
6564875.000
6762777.500
6122695.500
9839502.000
8295352.000
4636615.500
9599616.000
4491697.000
8481234.000
681267.750
821048.562
5283402.000
272536.062
9731248.000
6600858.500
7007880.000
9737335.000
9618929.000
3263400.750
1962042.750
5587980.000
8102271.000
9121612.000
67477.359
7058896.000
1800282.375
5431063.000
7531940.500
1642694.375
9206610.000
1292634.250
8207568.500
5934416.500
7415328.500
8012099.500
4194797.000
2016973.125
7576744.000
8686493.000
463235.688
8258010.500
9507541.000
5746636.500
8530545.000
9203818.000
2312524.000
5503454.500
8906182.000
1896482.375
8766854.000
833253.062
7484461.500
6834154.500
9954864.000
7551937.500
3858078.500
1720174.750
2948029.000
1355047.875
3362868.250
2119668.000
2647681.000
1535465.250
8054083.500
28038.734
9547563.000
2213909.000
2045010.750
7089336.000
865430.938
2508245.500
5312375.500
338000.250
8254881.500
3807949.500
9541817.000
532433.875
9311403.000
8413027.000
2428915.250
8043285.500
9246279.000
9913376.000
4842468.500
9166171.000
7430342.000
8700546.000
851374.688
343399.281
20622.504
4214242.000
2463066.250
2668302.750
5749706.000
482178.281
2696340.500
5262298.000
2696086.250
4741350.000
2316663.000
3561516.000
7249594.500
7629037.500
3899515.250
5469504.500
1402015.250
3406360.750
6001937.000
678446.688
1784416.375
8430851.000
8721731.000
995723.938
8309255.500
3529228.250
126923.820
5704626.000
2194803.000
978297.438
6048024.500
2215424.500
5192538.000
8511089.000
4883726.000
907272.938
8993267.000
7580065.500
6169570.000
1654381.500
2286444.250
8486232.000
5215897.000
9536038.000
6080297.500
9115411.000
4970571.000
7482312.000
2486800.500
937537.062
8160757.500
4271216.000
9368387.000
6847517.500
5266939.000
7642671.500
341774.688
5393862.000
3312326.500
2536576.500
6372158.000
9360350.000
4752000.000
1529725.125
7836467.000
9635725.000
2436997.250
6794762.500
7180819.000
8606566.000
8449143.000
9467262.000
7057827.000
3630068.750
8968329.000
3103153.750
2710508.750
3903928.750
550494.562
5197308.000
4841464.500
8711252.000
9468523.000
4174881.000
5523798.000
4700491.000
1782581.625
5865571.500
59381.199
5094907.000
8402147.000
6431538.500
4420285.000
3119175.500
7961262.500
2221781.250
2719929.250
363288.375
9016543.000
9900747.000
8969853.000
7430715.000
9333038.000
5992710.000
1025812.500
8266396.000
9095862.000
3736320.000
2135353.000
9646356.000
8933628.000
6976817.000
8322636.000
8367179.000
1116726.375
3811462.500
3032698.750
2899306.750
9677032.000
3092079.000
7994213.000
8044208.500
9523616.000
2379526.750
1128412.750
7449908.000
4601307.000
3848341.000
7813195.000
3582879.000
3714117.000
6748077.500
978622.625
3012183.750
2705815.500
2004434.250
1243608.250
1766706.500
5740753.000
3378960.250
1378090.875
4639409.500
320805.688
9700726.000
2971617.250
1437531.000
3477216.500
6004315.500
4336837.000
3119277.750
9096393.000
2296078.750
1128515.125
8585038.000
4675604.500
2256926.750
5999974.500
9276910.000
6105266.500
3778198.250
2824818.250
9819383.000
491304.219
3803440.000
2796595.500
3197119.000
5807873.000
4040202.500
